image_width: 640
image_height: 480
camera_name: camera
camera_matrix:
  rows: 3
  cols: 3
  data: [771.023343070312, 0, 334.267222025171, 0, 773.124813316198, 255.300428980894, 0, 0, 1]
distortion_model: plumb_bob
distortion_coefficients:
  rows: 1
  cols: 5
  data: [-0.0864122612155636, 0.131731134794957, 0.00844562379072445, 0.0076635029388831, 0]
rectification_matrix:
  rows: 3
  cols: 3
  data: [1, 0, 0, 0, 1, 0, 0, 0, 1]
projection_matrix:
  rows: 3
  cols: 4
  data: [762.355285644531, 0, 337.442132637781, 0, 0, 766.666870117188, 257.243080653188, 0, 0, 0, 1, 0]