distortion: [-0.323053, 0.08805, -0.002686, 0.000396, 0.0]
matrix: [311.525608, 0.0, 220.573429, 0.0, 291.649263, 170.383917, 0.0, 0.0, 1.0]
projection: [236.537933, 0.0, 209.365535, 0.0, 0.0, 247.370667, 164.474605, 0.0, 0.0,
  0.0, 1.0, 0.0]
rectification: [1, 0, 0, 0, 1, 0, 0, 0, 1]
