distortion: [-0.414368, 0.29797, 0.006261, -0.012527, 0.0]
matrix: [2010.674978, 0.0, 799.224324, 0.0, 2022.954664, 440.395956, 0.0, 0.0, 1.0]
projection: [1924.224487, 0.0, 802.869951, 0.0, 0.0, 1966.969971, 438.781978, 0.0,
  0.0, 0.0, 1.0, 0.0]
rectification: [1, 0, 0, 0, 1, 0, 0, 0, 1]
